{
 "cells": [
  {
   "cell_type": "code",
   "execution_count": 1,
   "id": "a7a47dfb",
   "metadata": {},
   "outputs": [],
   "source": [
    "import pandas as pd\n",
    "import numpy as np\n",
    "import yfinance as yf\n",
    "import datetime as dt"
   ]
  },
  {
   "cell_type": "code",
   "execution_count": null,
   "id": "b050926a",
   "metadata": {},
   "outputs": [],
   "source": [
    "top_stocks = {'Stocks':['AAPL', 'MSFT', 'AMZN', 'GOOG', 'TSLA', 'FB', 'NVDA', 'PYPL', 'NFLX', 'CMCSA', 'INTC', 'ADBE', 'PEP', 'CSCO',\n",
    "              'AVGO', 'QCOM', 'TMUS', 'COST', 'TXN', 'AMGN']}"
   ]
  },
  {
   "cell_type": "code",
   "execution_count": null,
   "id": "7c12dc4e",
   "metadata": {},
   "outputs": [],
   "source": [
    "#Extracting data from yahoo finance"
   ]
  },
  {
   "cell_type": "code",
   "execution_count": 8,
   "id": "4b1d410d",
   "metadata": {},
   "outputs": [],
   "source": [
    "df={}\n",
    "for i in range(0,20):\n",
    "    df[top_stocks['Stocks'][i]] = yf.Ticker(top_stocks['Stocks'][i]).history(top_stocks['Stocks'][i] , start = \"2010-01-01\", end = \"2020-01-01\")['Close']"
   ]
  },
  {
   "cell_type": "code",
   "execution_count": 27,
   "id": "e289c3a5",
   "metadata": {},
   "outputs": [
    {
     "data": {
      "text/html": [
       "<div>\n",
       "<style scoped>\n",
       "    .dataframe tbody tr th:only-of-type {\n",
       "        vertical-align: middle;\n",
       "    }\n",
       "\n",
       "    .dataframe tbody tr th {\n",
       "        vertical-align: top;\n",
       "    }\n",
       "\n",
       "    .dataframe thead th {\n",
       "        text-align: right;\n",
       "    }\n",
       "</style>\n",
       "<table border=\"1\" class=\"dataframe\">\n",
       "  <thead>\n",
       "    <tr style=\"text-align: right;\">\n",
       "      <th></th>\n",
       "      <th>AAPL</th>\n",
       "      <th>MSFT</th>\n",
       "      <th>AMZN</th>\n",
       "      <th>GOOG</th>\n",
       "      <th>TSLA</th>\n",
       "      <th>FB</th>\n",
       "      <th>NVDA</th>\n",
       "      <th>PYPL</th>\n",
       "      <th>NFLX</th>\n",
       "      <th>CMCSA</th>\n",
       "      <th>INTC</th>\n",
       "      <th>ADBE</th>\n",
       "      <th>PEP</th>\n",
       "      <th>CSCO</th>\n",
       "      <th>AVGO</th>\n",
       "      <th>QCOM</th>\n",
       "      <th>TMUS</th>\n",
       "      <th>COST</th>\n",
       "      <th>TXN</th>\n",
       "      <th>AMGN</th>\n",
       "    </tr>\n",
       "    <tr>\n",
       "      <th>Date</th>\n",
       "      <th></th>\n",
       "      <th></th>\n",
       "      <th></th>\n",
       "      <th></th>\n",
       "      <th></th>\n",
       "      <th></th>\n",
       "      <th></th>\n",
       "      <th></th>\n",
       "      <th></th>\n",
       "      <th></th>\n",
       "      <th></th>\n",
       "      <th></th>\n",
       "      <th></th>\n",
       "      <th></th>\n",
       "      <th></th>\n",
       "      <th></th>\n",
       "      <th></th>\n",
       "      <th></th>\n",
       "      <th></th>\n",
       "      <th></th>\n",
       "    </tr>\n",
       "  </thead>\n",
       "  <tbody>\n",
       "    <tr>\n",
       "      <th>2009-12-31</th>\n",
       "      <td>NaN</td>\n",
       "      <td>NaN</td>\n",
       "      <td>NaN</td>\n",
       "      <td>NaN</td>\n",
       "      <td>NaN</td>\n",
       "      <td>NaN</td>\n",
       "      <td>NaN</td>\n",
       "      <td>NaN</td>\n",
       "      <td>NaN</td>\n",
       "      <td>NaN</td>\n",
       "      <td>NaN</td>\n",
       "      <td>NaN</td>\n",
       "      <td>NaN</td>\n",
       "      <td>NaN</td>\n",
       "      <td>NaN</td>\n",
       "      <td>NaN</td>\n",
       "      <td>NaN</td>\n",
       "      <td>NaN</td>\n",
       "      <td>NaN</td>\n",
       "      <td>NaN</td>\n",
       "    </tr>\n",
       "    <tr>\n",
       "      <th>2010-01-04</th>\n",
       "      <td>0.015565</td>\n",
       "      <td>0.015420</td>\n",
       "      <td>-0.004609</td>\n",
       "      <td>0.010920</td>\n",
       "      <td>NaN</td>\n",
       "      <td>NaN</td>\n",
       "      <td>-0.010171</td>\n",
       "      <td>NaN</td>\n",
       "      <td>-0.029225</td>\n",
       "      <td>0.012228</td>\n",
       "      <td>0.023529</td>\n",
       "      <td>0.008429</td>\n",
       "      <td>0.007237</td>\n",
       "      <td>0.031328</td>\n",
       "      <td>0.031164</td>\n",
       "      <td>0.014699</td>\n",
       "      <td>0.044561</td>\n",
       "      <td>0.004056</td>\n",
       "      <td>-0.001919</td>\n",
       "      <td>0.020329</td>\n",
       "    </tr>\n",
       "    <tr>\n",
       "      <th>2010-01-05</th>\n",
       "      <td>0.001729</td>\n",
       "      <td>0.000323</td>\n",
       "      <td>0.005900</td>\n",
       "      <td>-0.004404</td>\n",
       "      <td>NaN</td>\n",
       "      <td>NaN</td>\n",
       "      <td>0.014602</td>\n",
       "      <td>NaN</td>\n",
       "      <td>-0.036836</td>\n",
       "      <td>-0.013553</td>\n",
       "      <td>-0.000479</td>\n",
       "      <td>0.016446</td>\n",
       "      <td>0.012084</td>\n",
       "      <td>-0.004455</td>\n",
       "      <td>0.007423</td>\n",
       "      <td>0.024073</td>\n",
       "      <td>0.002509</td>\n",
       "      <td>-0.003030</td>\n",
       "      <td>-0.005767</td>\n",
       "      <td>-0.008663</td>\n",
       "    </tr>\n",
       "    <tr>\n",
       "      <th>2010-01-06</th>\n",
       "      <td>-0.015906</td>\n",
       "      <td>-0.006137</td>\n",
       "      <td>-0.018116</td>\n",
       "      <td>-0.025209</td>\n",
       "      <td>NaN</td>\n",
       "      <td>NaN</td>\n",
       "      <td>0.006397</td>\n",
       "      <td>NaN</td>\n",
       "      <td>0.035139</td>\n",
       "      <td>-0.007169</td>\n",
       "      <td>-0.003354</td>\n",
       "      <td>-0.002122</td>\n",
       "      <td>-0.010003</td>\n",
       "      <td>-0.006509</td>\n",
       "      <td>0.007895</td>\n",
       "      <td>-0.009777</td>\n",
       "      <td>-0.067585</td>\n",
       "      <td>0.013000</td>\n",
       "      <td>-0.007347</td>\n",
       "      <td>-0.007515</td>\n",
       "    </tr>\n",
       "    <tr>\n",
       "      <th>2010-01-07</th>\n",
       "      <td>-0.001849</td>\n",
       "      <td>-0.010400</td>\n",
       "      <td>-0.017013</td>\n",
       "      <td>-0.023280</td>\n",
       "      <td>NaN</td>\n",
       "      <td>NaN</td>\n",
       "      <td>-0.019598</td>\n",
       "      <td>NaN</td>\n",
       "      <td>-0.017254</td>\n",
       "      <td>0.021059</td>\n",
       "      <td>-0.009615</td>\n",
       "      <td>-0.019405</td>\n",
       "      <td>-0.006356</td>\n",
       "      <td>0.004505</td>\n",
       "      <td>-0.006267</td>\n",
       "      <td>0.028992</td>\n",
       "      <td>0.009396</td>\n",
       "      <td>-0.004833</td>\n",
       "      <td>0.003117</td>\n",
       "      <td>-0.009156</td>\n",
       "    </tr>\n",
       "    <tr>\n",
       "      <th>...</th>\n",
       "      <td>...</td>\n",
       "      <td>...</td>\n",
       "      <td>...</td>\n",
       "      <td>...</td>\n",
       "      <td>...</td>\n",
       "      <td>...</td>\n",
       "      <td>...</td>\n",
       "      <td>...</td>\n",
       "      <td>...</td>\n",
       "      <td>...</td>\n",
       "      <td>...</td>\n",
       "      <td>...</td>\n",
       "      <td>...</td>\n",
       "      <td>...</td>\n",
       "      <td>...</td>\n",
       "      <td>...</td>\n",
       "      <td>...</td>\n",
       "      <td>...</td>\n",
       "      <td>...</td>\n",
       "      <td>...</td>\n",
       "    </tr>\n",
       "    <tr>\n",
       "      <th>2019-12-24</th>\n",
       "      <td>0.000951</td>\n",
       "      <td>-0.000191</td>\n",
       "      <td>-0.002114</td>\n",
       "      <td>-0.003914</td>\n",
       "      <td>0.014384</td>\n",
       "      <td>-0.005141</td>\n",
       "      <td>-0.000837</td>\n",
       "      <td>0.000737</td>\n",
       "      <td>0.000300</td>\n",
       "      <td>0.009751</td>\n",
       "      <td>0.003039</td>\n",
       "      <td>0.002098</td>\n",
       "      <td>-0.001094</td>\n",
       "      <td>-0.006653</td>\n",
       "      <td>0.003036</td>\n",
       "      <td>0.003618</td>\n",
       "      <td>0.004678</td>\n",
       "      <td>0.003137</td>\n",
       "      <td>-0.000156</td>\n",
       "      <td>-0.002880</td>\n",
       "    </tr>\n",
       "    <tr>\n",
       "      <th>2019-12-26</th>\n",
       "      <td>0.019840</td>\n",
       "      <td>0.008197</td>\n",
       "      <td>0.044467</td>\n",
       "      <td>0.012534</td>\n",
       "      <td>0.013380</td>\n",
       "      <td>0.013017</td>\n",
       "      <td>0.002389</td>\n",
       "      <td>0.009752</td>\n",
       "      <td>-0.001711</td>\n",
       "      <td>0.009881</td>\n",
       "      <td>0.006901</td>\n",
       "      <td>0.004732</td>\n",
       "      <td>-0.001461</td>\n",
       "      <td>0.001465</td>\n",
       "      <td>-0.007863</td>\n",
       "      <td>-0.004168</td>\n",
       "      <td>0.001035</td>\n",
       "      <td>0.005098</td>\n",
       "      <td>-0.000389</td>\n",
       "      <td>-0.001774</td>\n",
       "    </tr>\n",
       "    <tr>\n",
       "      <th>2019-12-27</th>\n",
       "      <td>-0.000380</td>\n",
       "      <td>0.001828</td>\n",
       "      <td>0.000551</td>\n",
       "      <td>-0.006256</td>\n",
       "      <td>-0.001300</td>\n",
       "      <td>0.001492</td>\n",
       "      <td>-0.009699</td>\n",
       "      <td>-0.003189</td>\n",
       "      <td>-0.010642</td>\n",
       "      <td>0.002891</td>\n",
       "      <td>0.004346</td>\n",
       "      <td>-0.001238</td>\n",
       "      <td>0.006218</td>\n",
       "      <td>-0.001672</td>\n",
       "      <td>-0.004560</td>\n",
       "      <td>0.004525</td>\n",
       "      <td>-0.002067</td>\n",
       "      <td>-0.005478</td>\n",
       "      <td>0.000701</td>\n",
       "      <td>-0.001530</td>\n",
       "    </tr>\n",
       "    <tr>\n",
       "      <th>2019-12-30</th>\n",
       "      <td>0.005935</td>\n",
       "      <td>-0.008618</td>\n",
       "      <td>-0.012253</td>\n",
       "      <td>-0.011650</td>\n",
       "      <td>-0.036433</td>\n",
       "      <td>-0.017732</td>\n",
       "      <td>-0.019209</td>\n",
       "      <td>-0.013071</td>\n",
       "      <td>-0.017564</td>\n",
       "      <td>0.001774</td>\n",
       "      <td>-0.007657</td>\n",
       "      <td>-0.007407</td>\n",
       "      <td>-0.005307</td>\n",
       "      <td>-0.003768</td>\n",
       "      <td>-0.009699</td>\n",
       "      <td>-0.004167</td>\n",
       "      <td>0.010875</td>\n",
       "      <td>0.003502</td>\n",
       "      <td>-0.007078</td>\n",
       "      <td>-0.005217</td>\n",
       "    </tr>\n",
       "    <tr>\n",
       "      <th>2019-12-31</th>\n",
       "      <td>0.007307</td>\n",
       "      <td>0.000698</td>\n",
       "      <td>0.000514</td>\n",
       "      <td>0.000659</td>\n",
       "      <td>0.008753</td>\n",
       "      <td>0.004109</td>\n",
       "      <td>0.012827</td>\n",
       "      <td>0.001852</td>\n",
       "      <td>0.000804</td>\n",
       "      <td>-0.004648</td>\n",
       "      <td>0.003858</td>\n",
       "      <td>0.004477</td>\n",
       "      <td>-0.001023</td>\n",
       "      <td>0.007775</td>\n",
       "      <td>0.008167</td>\n",
       "      <td>-0.002262</td>\n",
       "      <td>0.004354</td>\n",
       "      <td>-0.004134</td>\n",
       "      <td>0.004935</td>\n",
       "      <td>0.003330</td>\n",
       "    </tr>\n",
       "  </tbody>\n",
       "</table>\n",
       "<p>2517 rows × 20 columns</p>\n",
       "</div>"
      ],
      "text/plain": [
       "                AAPL      MSFT      AMZN      GOOG      TSLA        FB  \\\n",
       "Date                                                                     \n",
       "2009-12-31       NaN       NaN       NaN       NaN       NaN       NaN   \n",
       "2010-01-04  0.015565  0.015420 -0.004609  0.010920       NaN       NaN   \n",
       "2010-01-05  0.001729  0.000323  0.005900 -0.004404       NaN       NaN   \n",
       "2010-01-06 -0.015906 -0.006137 -0.018116 -0.025209       NaN       NaN   \n",
       "2010-01-07 -0.001849 -0.010400 -0.017013 -0.023280       NaN       NaN   \n",
       "...              ...       ...       ...       ...       ...       ...   \n",
       "2019-12-24  0.000951 -0.000191 -0.002114 -0.003914  0.014384 -0.005141   \n",
       "2019-12-26  0.019840  0.008197  0.044467  0.012534  0.013380  0.013017   \n",
       "2019-12-27 -0.000380  0.001828  0.000551 -0.006256 -0.001300  0.001492   \n",
       "2019-12-30  0.005935 -0.008618 -0.012253 -0.011650 -0.036433 -0.017732   \n",
       "2019-12-31  0.007307  0.000698  0.000514  0.000659  0.008753  0.004109   \n",
       "\n",
       "                NVDA      PYPL      NFLX     CMCSA      INTC      ADBE  \\\n",
       "Date                                                                     \n",
       "2009-12-31       NaN       NaN       NaN       NaN       NaN       NaN   \n",
       "2010-01-04 -0.010171       NaN -0.029225  0.012228  0.023529  0.008429   \n",
       "2010-01-05  0.014602       NaN -0.036836 -0.013553 -0.000479  0.016446   \n",
       "2010-01-06  0.006397       NaN  0.035139 -0.007169 -0.003354 -0.002122   \n",
       "2010-01-07 -0.019598       NaN -0.017254  0.021059 -0.009615 -0.019405   \n",
       "...              ...       ...       ...       ...       ...       ...   \n",
       "2019-12-24 -0.000837  0.000737  0.000300  0.009751  0.003039  0.002098   \n",
       "2019-12-26  0.002389  0.009752 -0.001711  0.009881  0.006901  0.004732   \n",
       "2019-12-27 -0.009699 -0.003189 -0.010642  0.002891  0.004346 -0.001238   \n",
       "2019-12-30 -0.019209 -0.013071 -0.017564  0.001774 -0.007657 -0.007407   \n",
       "2019-12-31  0.012827  0.001852  0.000804 -0.004648  0.003858  0.004477   \n",
       "\n",
       "                 PEP      CSCO      AVGO      QCOM      TMUS      COST  \\\n",
       "Date                                                                     \n",
       "2009-12-31       NaN       NaN       NaN       NaN       NaN       NaN   \n",
       "2010-01-04  0.007237  0.031328  0.031164  0.014699  0.044561  0.004056   \n",
       "2010-01-05  0.012084 -0.004455  0.007423  0.024073  0.002509 -0.003030   \n",
       "2010-01-06 -0.010003 -0.006509  0.007895 -0.009777 -0.067585  0.013000   \n",
       "2010-01-07 -0.006356  0.004505 -0.006267  0.028992  0.009396 -0.004833   \n",
       "...              ...       ...       ...       ...       ...       ...   \n",
       "2019-12-24 -0.001094 -0.006653  0.003036  0.003618  0.004678  0.003137   \n",
       "2019-12-26 -0.001461  0.001465 -0.007863 -0.004168  0.001035  0.005098   \n",
       "2019-12-27  0.006218 -0.001672 -0.004560  0.004525 -0.002067 -0.005478   \n",
       "2019-12-30 -0.005307 -0.003768 -0.009699 -0.004167  0.010875  0.003502   \n",
       "2019-12-31 -0.001023  0.007775  0.008167 -0.002262  0.004354 -0.004134   \n",
       "\n",
       "                 TXN      AMGN  \n",
       "Date                            \n",
       "2009-12-31       NaN       NaN  \n",
       "2010-01-04 -0.001919  0.020329  \n",
       "2010-01-05 -0.005767 -0.008663  \n",
       "2010-01-06 -0.007347 -0.007515  \n",
       "2010-01-07  0.003117 -0.009156  \n",
       "...              ...       ...  \n",
       "2019-12-24 -0.000156 -0.002880  \n",
       "2019-12-26 -0.000389 -0.001774  \n",
       "2019-12-27  0.000701 -0.001530  \n",
       "2019-12-30 -0.007078 -0.005217  \n",
       "2019-12-31  0.004935  0.003330  \n",
       "\n",
       "[2517 rows x 20 columns]"
      ]
     },
     "execution_count": 27,
     "metadata": {},
     "output_type": "execute_result"
    }
   ],
   "source": [
    "data_returns=pd.DataFrame(df).pct_change()\n",
    "data_returns"
   ]
  },
  {
   "cell_type": "code",
   "execution_count": null,
   "id": "68a921d3",
   "metadata": {},
   "outputs": [],
   "source": [
    "#Finding Correlation Matrix"
   ]
  },
  {
   "cell_type": "code",
   "execution_count": 34,
   "id": "1ff5e37a",
   "metadata": {},
   "outputs": [
    {
     "data": {
      "text/html": [
       "<div>\n",
       "<style scoped>\n",
       "    .dataframe tbody tr th:only-of-type {\n",
       "        vertical-align: middle;\n",
       "    }\n",
       "\n",
       "    .dataframe tbody tr th {\n",
       "        vertical-align: top;\n",
       "    }\n",
       "\n",
       "    .dataframe thead th {\n",
       "        text-align: right;\n",
       "    }\n",
       "</style>\n",
       "<table border=\"1\" class=\"dataframe\">\n",
       "  <thead>\n",
       "    <tr style=\"text-align: right;\">\n",
       "      <th></th>\n",
       "      <th>AAPL</th>\n",
       "      <th>MSFT</th>\n",
       "      <th>AMZN</th>\n",
       "      <th>GOOG</th>\n",
       "      <th>TSLA</th>\n",
       "      <th>FB</th>\n",
       "      <th>NVDA</th>\n",
       "      <th>PYPL</th>\n",
       "      <th>NFLX</th>\n",
       "      <th>CMCSA</th>\n",
       "      <th>INTC</th>\n",
       "      <th>ADBE</th>\n",
       "      <th>PEP</th>\n",
       "      <th>CSCO</th>\n",
       "      <th>AVGO</th>\n",
       "      <th>QCOM</th>\n",
       "      <th>TMUS</th>\n",
       "      <th>COST</th>\n",
       "      <th>TXN</th>\n",
       "      <th>AMGN</th>\n",
       "    </tr>\n",
       "  </thead>\n",
       "  <tbody>\n",
       "    <tr>\n",
       "      <th>AAPL</th>\n",
       "      <td>1.000000</td>\n",
       "      <td>0.457443</td>\n",
       "      <td>0.397260</td>\n",
       "      <td>0.464336</td>\n",
       "      <td>0.245759</td>\n",
       "      <td>0.285038</td>\n",
       "      <td>0.385663</td>\n",
       "      <td>0.474944</td>\n",
       "      <td>0.210913</td>\n",
       "      <td>0.335288</td>\n",
       "      <td>0.428196</td>\n",
       "      <td>0.391622</td>\n",
       "      <td>0.262655</td>\n",
       "      <td>0.408384</td>\n",
       "      <td>0.444102</td>\n",
       "      <td>0.389323</td>\n",
       "      <td>0.238014</td>\n",
       "      <td>0.310235</td>\n",
       "      <td>0.468896</td>\n",
       "      <td>0.304071</td>\n",
       "    </tr>\n",
       "    <tr>\n",
       "      <th>MSFT</th>\n",
       "      <td>0.457443</td>\n",
       "      <td>1.000000</td>\n",
       "      <td>0.488356</td>\n",
       "      <td>0.540987</td>\n",
       "      <td>0.255436</td>\n",
       "      <td>0.313118</td>\n",
       "      <td>0.452469</td>\n",
       "      <td>0.601789</td>\n",
       "      <td>0.266157</td>\n",
       "      <td>0.424019</td>\n",
       "      <td>0.563604</td>\n",
       "      <td>0.551731</td>\n",
       "      <td>0.381697</td>\n",
       "      <td>0.516126</td>\n",
       "      <td>0.402498</td>\n",
       "      <td>0.409202</td>\n",
       "      <td>0.290117</td>\n",
       "      <td>0.400139</td>\n",
       "      <td>0.534786</td>\n",
       "      <td>0.375820</td>\n",
       "    </tr>\n",
       "    <tr>\n",
       "      <th>AMZN</th>\n",
       "      <td>0.397260</td>\n",
       "      <td>0.488356</td>\n",
       "      <td>1.000000</td>\n",
       "      <td>0.557286</td>\n",
       "      <td>0.284185</td>\n",
       "      <td>0.400433</td>\n",
       "      <td>0.370527</td>\n",
       "      <td>0.517151</td>\n",
       "      <td>0.385184</td>\n",
       "      <td>0.332487</td>\n",
       "      <td>0.361231</td>\n",
       "      <td>0.457251</td>\n",
       "      <td>0.257993</td>\n",
       "      <td>0.374960</td>\n",
       "      <td>0.356401</td>\n",
       "      <td>0.310993</td>\n",
       "      <td>0.240119</td>\n",
       "      <td>0.330685</td>\n",
       "      <td>0.423645</td>\n",
       "      <td>0.320223</td>\n",
       "    </tr>\n",
       "    <tr>\n",
       "      <th>GOOG</th>\n",
       "      <td>0.464336</td>\n",
       "      <td>0.540987</td>\n",
       "      <td>0.557286</td>\n",
       "      <td>1.000000</td>\n",
       "      <td>0.261440</td>\n",
       "      <td>0.414401</td>\n",
       "      <td>0.407862</td>\n",
       "      <td>0.515894</td>\n",
       "      <td>0.309150</td>\n",
       "      <td>0.369187</td>\n",
       "      <td>0.406504</td>\n",
       "      <td>0.477987</td>\n",
       "      <td>0.302479</td>\n",
       "      <td>0.408953</td>\n",
       "      <td>0.370624</td>\n",
       "      <td>0.365235</td>\n",
       "      <td>0.288244</td>\n",
       "      <td>0.344506</td>\n",
       "      <td>0.457028</td>\n",
       "      <td>0.374116</td>\n",
       "    </tr>\n",
       "    <tr>\n",
       "      <th>TSLA</th>\n",
       "      <td>0.245759</td>\n",
       "      <td>0.255436</td>\n",
       "      <td>0.284185</td>\n",
       "      <td>0.261440</td>\n",
       "      <td>1.000000</td>\n",
       "      <td>0.216341</td>\n",
       "      <td>0.258846</td>\n",
       "      <td>0.319811</td>\n",
       "      <td>0.231728</td>\n",
       "      <td>0.196135</td>\n",
       "      <td>0.250029</td>\n",
       "      <td>0.295478</td>\n",
       "      <td>0.137295</td>\n",
       "      <td>0.245736</td>\n",
       "      <td>0.283868</td>\n",
       "      <td>0.224190</td>\n",
       "      <td>0.180108</td>\n",
       "      <td>0.182290</td>\n",
       "      <td>0.287030</td>\n",
       "      <td>0.193704</td>\n",
       "    </tr>\n",
       "    <tr>\n",
       "      <th>FB</th>\n",
       "      <td>0.285038</td>\n",
       "      <td>0.313118</td>\n",
       "      <td>0.400433</td>\n",
       "      <td>0.414401</td>\n",
       "      <td>0.216341</td>\n",
       "      <td>1.000000</td>\n",
       "      <td>0.283164</td>\n",
       "      <td>0.511896</td>\n",
       "      <td>0.241962</td>\n",
       "      <td>0.181693</td>\n",
       "      <td>0.264320</td>\n",
       "      <td>0.344906</td>\n",
       "      <td>0.166496</td>\n",
       "      <td>0.232560</td>\n",
       "      <td>0.278387</td>\n",
       "      <td>0.161736</td>\n",
       "      <td>0.144549</td>\n",
       "      <td>0.166313</td>\n",
       "      <td>0.285847</td>\n",
       "      <td>0.251570</td>\n",
       "    </tr>\n",
       "    <tr>\n",
       "      <th>NVDA</th>\n",
       "      <td>0.385663</td>\n",
       "      <td>0.452469</td>\n",
       "      <td>0.370527</td>\n",
       "      <td>0.407862</td>\n",
       "      <td>0.258846</td>\n",
       "      <td>0.283164</td>\n",
       "      <td>1.000000</td>\n",
       "      <td>0.395896</td>\n",
       "      <td>0.268778</td>\n",
       "      <td>0.331470</td>\n",
       "      <td>0.483257</td>\n",
       "      <td>0.432802</td>\n",
       "      <td>0.207827</td>\n",
       "      <td>0.415476</td>\n",
       "      <td>0.429394</td>\n",
       "      <td>0.398072</td>\n",
       "      <td>0.247365</td>\n",
       "      <td>0.278477</td>\n",
       "      <td>0.569483</td>\n",
       "      <td>0.282001</td>\n",
       "    </tr>\n",
       "    <tr>\n",
       "      <th>PYPL</th>\n",
       "      <td>0.474944</td>\n",
       "      <td>0.601789</td>\n",
       "      <td>0.517151</td>\n",
       "      <td>0.515894</td>\n",
       "      <td>0.319811</td>\n",
       "      <td>0.511896</td>\n",
       "      <td>0.395896</td>\n",
       "      <td>1.000000</td>\n",
       "      <td>0.401477</td>\n",
       "      <td>0.293154</td>\n",
       "      <td>0.434114</td>\n",
       "      <td>0.585282</td>\n",
       "      <td>0.266969</td>\n",
       "      <td>0.457510</td>\n",
       "      <td>0.418690</td>\n",
       "      <td>0.304049</td>\n",
       "      <td>0.350859</td>\n",
       "      <td>0.295844</td>\n",
       "      <td>0.473506</td>\n",
       "      <td>0.328294</td>\n",
       "    </tr>\n",
       "    <tr>\n",
       "      <th>NFLX</th>\n",
       "      <td>0.210913</td>\n",
       "      <td>0.266157</td>\n",
       "      <td>0.385184</td>\n",
       "      <td>0.309150</td>\n",
       "      <td>0.231728</td>\n",
       "      <td>0.241962</td>\n",
       "      <td>0.268778</td>\n",
       "      <td>0.401477</td>\n",
       "      <td>1.000000</td>\n",
       "      <td>0.187255</td>\n",
       "      <td>0.226255</td>\n",
       "      <td>0.280635</td>\n",
       "      <td>0.109068</td>\n",
       "      <td>0.220369</td>\n",
       "      <td>0.235165</td>\n",
       "      <td>0.164941</td>\n",
       "      <td>0.160774</td>\n",
       "      <td>0.175599</td>\n",
       "      <td>0.275724</td>\n",
       "      <td>0.184224</td>\n",
       "    </tr>\n",
       "    <tr>\n",
       "      <th>CMCSA</th>\n",
       "      <td>0.335288</td>\n",
       "      <td>0.424019</td>\n",
       "      <td>0.332487</td>\n",
       "      <td>0.369187</td>\n",
       "      <td>0.196135</td>\n",
       "      <td>0.181693</td>\n",
       "      <td>0.331470</td>\n",
       "      <td>0.293154</td>\n",
       "      <td>0.187255</td>\n",
       "      <td>1.000000</td>\n",
       "      <td>0.401080</td>\n",
       "      <td>0.379872</td>\n",
       "      <td>0.364465</td>\n",
       "      <td>0.397519</td>\n",
       "      <td>0.326118</td>\n",
       "      <td>0.351056</td>\n",
       "      <td>0.312936</td>\n",
       "      <td>0.419497</td>\n",
       "      <td>0.427500</td>\n",
       "      <td>0.386829</td>\n",
       "    </tr>\n",
       "    <tr>\n",
       "      <th>INTC</th>\n",
       "      <td>0.428196</td>\n",
       "      <td>0.563604</td>\n",
       "      <td>0.361231</td>\n",
       "      <td>0.406504</td>\n",
       "      <td>0.250029</td>\n",
       "      <td>0.264320</td>\n",
       "      <td>0.483257</td>\n",
       "      <td>0.434114</td>\n",
       "      <td>0.226255</td>\n",
       "      <td>0.401080</td>\n",
       "      <td>1.000000</td>\n",
       "      <td>0.429598</td>\n",
       "      <td>0.341320</td>\n",
       "      <td>0.491933</td>\n",
       "      <td>0.458859</td>\n",
       "      <td>0.431061</td>\n",
       "      <td>0.264265</td>\n",
       "      <td>0.345550</td>\n",
       "      <td>0.645151</td>\n",
       "      <td>0.371054</td>\n",
       "    </tr>\n",
       "    <tr>\n",
       "      <th>ADBE</th>\n",
       "      <td>0.391622</td>\n",
       "      <td>0.551731</td>\n",
       "      <td>0.457251</td>\n",
       "      <td>0.477987</td>\n",
       "      <td>0.295478</td>\n",
       "      <td>0.344906</td>\n",
       "      <td>0.432802</td>\n",
       "      <td>0.585282</td>\n",
       "      <td>0.280635</td>\n",
       "      <td>0.379872</td>\n",
       "      <td>0.429598</td>\n",
       "      <td>1.000000</td>\n",
       "      <td>0.311530</td>\n",
       "      <td>0.437316</td>\n",
       "      <td>0.379320</td>\n",
       "      <td>0.361502</td>\n",
       "      <td>0.309482</td>\n",
       "      <td>0.356128</td>\n",
       "      <td>0.488110</td>\n",
       "      <td>0.374481</td>\n",
       "    </tr>\n",
       "    <tr>\n",
       "      <th>PEP</th>\n",
       "      <td>0.262655</td>\n",
       "      <td>0.381697</td>\n",
       "      <td>0.257993</td>\n",
       "      <td>0.302479</td>\n",
       "      <td>0.137295</td>\n",
       "      <td>0.166496</td>\n",
       "      <td>0.207827</td>\n",
       "      <td>0.266969</td>\n",
       "      <td>0.109068</td>\n",
       "      <td>0.364465</td>\n",
       "      <td>0.341320</td>\n",
       "      <td>0.311530</td>\n",
       "      <td>1.000000</td>\n",
       "      <td>0.355598</td>\n",
       "      <td>0.233980</td>\n",
       "      <td>0.260328</td>\n",
       "      <td>0.228062</td>\n",
       "      <td>0.420728</td>\n",
       "      <td>0.323582</td>\n",
       "      <td>0.343538</td>\n",
       "    </tr>\n",
       "    <tr>\n",
       "      <th>CSCO</th>\n",
       "      <td>0.408384</td>\n",
       "      <td>0.516126</td>\n",
       "      <td>0.374960</td>\n",
       "      <td>0.408953</td>\n",
       "      <td>0.245736</td>\n",
       "      <td>0.232560</td>\n",
       "      <td>0.415476</td>\n",
       "      <td>0.457510</td>\n",
       "      <td>0.220369</td>\n",
       "      <td>0.397519</td>\n",
       "      <td>0.491933</td>\n",
       "      <td>0.437316</td>\n",
       "      <td>0.355598</td>\n",
       "      <td>1.000000</td>\n",
       "      <td>0.395788</td>\n",
       "      <td>0.374635</td>\n",
       "      <td>0.296367</td>\n",
       "      <td>0.341528</td>\n",
       "      <td>0.511967</td>\n",
       "      <td>0.330452</td>\n",
       "    </tr>\n",
       "    <tr>\n",
       "      <th>AVGO</th>\n",
       "      <td>0.444102</td>\n",
       "      <td>0.402498</td>\n",
       "      <td>0.356401</td>\n",
       "      <td>0.370624</td>\n",
       "      <td>0.283868</td>\n",
       "      <td>0.278387</td>\n",
       "      <td>0.429394</td>\n",
       "      <td>0.418690</td>\n",
       "      <td>0.235165</td>\n",
       "      <td>0.326118</td>\n",
       "      <td>0.458859</td>\n",
       "      <td>0.379320</td>\n",
       "      <td>0.233980</td>\n",
       "      <td>0.395788</td>\n",
       "      <td>1.000000</td>\n",
       "      <td>0.427367</td>\n",
       "      <td>0.270026</td>\n",
       "      <td>0.276294</td>\n",
       "      <td>0.584104</td>\n",
       "      <td>0.322803</td>\n",
       "    </tr>\n",
       "    <tr>\n",
       "      <th>QCOM</th>\n",
       "      <td>0.389323</td>\n",
       "      <td>0.409202</td>\n",
       "      <td>0.310993</td>\n",
       "      <td>0.365235</td>\n",
       "      <td>0.224190</td>\n",
       "      <td>0.161736</td>\n",
       "      <td>0.398072</td>\n",
       "      <td>0.304049</td>\n",
       "      <td>0.164941</td>\n",
       "      <td>0.351056</td>\n",
       "      <td>0.431061</td>\n",
       "      <td>0.361502</td>\n",
       "      <td>0.260328</td>\n",
       "      <td>0.374635</td>\n",
       "      <td>0.427367</td>\n",
       "      <td>1.000000</td>\n",
       "      <td>0.246656</td>\n",
       "      <td>0.298791</td>\n",
       "      <td>0.490053</td>\n",
       "      <td>0.303299</td>\n",
       "    </tr>\n",
       "    <tr>\n",
       "      <th>TMUS</th>\n",
       "      <td>0.238014</td>\n",
       "      <td>0.290117</td>\n",
       "      <td>0.240119</td>\n",
       "      <td>0.288244</td>\n",
       "      <td>0.180108</td>\n",
       "      <td>0.144549</td>\n",
       "      <td>0.247365</td>\n",
       "      <td>0.350859</td>\n",
       "      <td>0.160774</td>\n",
       "      <td>0.312936</td>\n",
       "      <td>0.264265</td>\n",
       "      <td>0.309482</td>\n",
       "      <td>0.228062</td>\n",
       "      <td>0.296367</td>\n",
       "      <td>0.270026</td>\n",
       "      <td>0.246656</td>\n",
       "      <td>1.000000</td>\n",
       "      <td>0.219830</td>\n",
       "      <td>0.309975</td>\n",
       "      <td>0.241314</td>\n",
       "    </tr>\n",
       "    <tr>\n",
       "      <th>COST</th>\n",
       "      <td>0.310235</td>\n",
       "      <td>0.400139</td>\n",
       "      <td>0.330685</td>\n",
       "      <td>0.344506</td>\n",
       "      <td>0.182290</td>\n",
       "      <td>0.166313</td>\n",
       "      <td>0.278477</td>\n",
       "      <td>0.295844</td>\n",
       "      <td>0.175599</td>\n",
       "      <td>0.419497</td>\n",
       "      <td>0.345550</td>\n",
       "      <td>0.356128</td>\n",
       "      <td>0.420728</td>\n",
       "      <td>0.341528</td>\n",
       "      <td>0.276294</td>\n",
       "      <td>0.298791</td>\n",
       "      <td>0.219830</td>\n",
       "      <td>1.000000</td>\n",
       "      <td>0.375142</td>\n",
       "      <td>0.334691</td>\n",
       "    </tr>\n",
       "    <tr>\n",
       "      <th>TXN</th>\n",
       "      <td>0.468896</td>\n",
       "      <td>0.534786</td>\n",
       "      <td>0.423645</td>\n",
       "      <td>0.457028</td>\n",
       "      <td>0.287030</td>\n",
       "      <td>0.285847</td>\n",
       "      <td>0.569483</td>\n",
       "      <td>0.473506</td>\n",
       "      <td>0.275724</td>\n",
       "      <td>0.427500</td>\n",
       "      <td>0.645151</td>\n",
       "      <td>0.488110</td>\n",
       "      <td>0.323582</td>\n",
       "      <td>0.511967</td>\n",
       "      <td>0.584104</td>\n",
       "      <td>0.490053</td>\n",
       "      <td>0.309975</td>\n",
       "      <td>0.375142</td>\n",
       "      <td>1.000000</td>\n",
       "      <td>0.406571</td>\n",
       "    </tr>\n",
       "    <tr>\n",
       "      <th>AMGN</th>\n",
       "      <td>0.304071</td>\n",
       "      <td>0.375820</td>\n",
       "      <td>0.320223</td>\n",
       "      <td>0.374116</td>\n",
       "      <td>0.193704</td>\n",
       "      <td>0.251570</td>\n",
       "      <td>0.282001</td>\n",
       "      <td>0.328294</td>\n",
       "      <td>0.184224</td>\n",
       "      <td>0.386829</td>\n",
       "      <td>0.371054</td>\n",
       "      <td>0.374481</td>\n",
       "      <td>0.343538</td>\n",
       "      <td>0.330452</td>\n",
       "      <td>0.322803</td>\n",
       "      <td>0.303299</td>\n",
       "      <td>0.241314</td>\n",
       "      <td>0.334691</td>\n",
       "      <td>0.406571</td>\n",
       "      <td>1.000000</td>\n",
       "    </tr>\n",
       "  </tbody>\n",
       "</table>\n",
       "</div>"
      ],
      "text/plain": [
       "           AAPL      MSFT      AMZN      GOOG      TSLA        FB      NVDA  \\\n",
       "AAPL   1.000000  0.457443  0.397260  0.464336  0.245759  0.285038  0.385663   \n",
       "MSFT   0.457443  1.000000  0.488356  0.540987  0.255436  0.313118  0.452469   \n",
       "AMZN   0.397260  0.488356  1.000000  0.557286  0.284185  0.400433  0.370527   \n",
       "GOOG   0.464336  0.540987  0.557286  1.000000  0.261440  0.414401  0.407862   \n",
       "TSLA   0.245759  0.255436  0.284185  0.261440  1.000000  0.216341  0.258846   \n",
       "FB     0.285038  0.313118  0.400433  0.414401  0.216341  1.000000  0.283164   \n",
       "NVDA   0.385663  0.452469  0.370527  0.407862  0.258846  0.283164  1.000000   \n",
       "PYPL   0.474944  0.601789  0.517151  0.515894  0.319811  0.511896  0.395896   \n",
       "NFLX   0.210913  0.266157  0.385184  0.309150  0.231728  0.241962  0.268778   \n",
       "CMCSA  0.335288  0.424019  0.332487  0.369187  0.196135  0.181693  0.331470   \n",
       "INTC   0.428196  0.563604  0.361231  0.406504  0.250029  0.264320  0.483257   \n",
       "ADBE   0.391622  0.551731  0.457251  0.477987  0.295478  0.344906  0.432802   \n",
       "PEP    0.262655  0.381697  0.257993  0.302479  0.137295  0.166496  0.207827   \n",
       "CSCO   0.408384  0.516126  0.374960  0.408953  0.245736  0.232560  0.415476   \n",
       "AVGO   0.444102  0.402498  0.356401  0.370624  0.283868  0.278387  0.429394   \n",
       "QCOM   0.389323  0.409202  0.310993  0.365235  0.224190  0.161736  0.398072   \n",
       "TMUS   0.238014  0.290117  0.240119  0.288244  0.180108  0.144549  0.247365   \n",
       "COST   0.310235  0.400139  0.330685  0.344506  0.182290  0.166313  0.278477   \n",
       "TXN    0.468896  0.534786  0.423645  0.457028  0.287030  0.285847  0.569483   \n",
       "AMGN   0.304071  0.375820  0.320223  0.374116  0.193704  0.251570  0.282001   \n",
       "\n",
       "           PYPL      NFLX     CMCSA      INTC      ADBE       PEP      CSCO  \\\n",
       "AAPL   0.474944  0.210913  0.335288  0.428196  0.391622  0.262655  0.408384   \n",
       "MSFT   0.601789  0.266157  0.424019  0.563604  0.551731  0.381697  0.516126   \n",
       "AMZN   0.517151  0.385184  0.332487  0.361231  0.457251  0.257993  0.374960   \n",
       "GOOG   0.515894  0.309150  0.369187  0.406504  0.477987  0.302479  0.408953   \n",
       "TSLA   0.319811  0.231728  0.196135  0.250029  0.295478  0.137295  0.245736   \n",
       "FB     0.511896  0.241962  0.181693  0.264320  0.344906  0.166496  0.232560   \n",
       "NVDA   0.395896  0.268778  0.331470  0.483257  0.432802  0.207827  0.415476   \n",
       "PYPL   1.000000  0.401477  0.293154  0.434114  0.585282  0.266969  0.457510   \n",
       "NFLX   0.401477  1.000000  0.187255  0.226255  0.280635  0.109068  0.220369   \n",
       "CMCSA  0.293154  0.187255  1.000000  0.401080  0.379872  0.364465  0.397519   \n",
       "INTC   0.434114  0.226255  0.401080  1.000000  0.429598  0.341320  0.491933   \n",
       "ADBE   0.585282  0.280635  0.379872  0.429598  1.000000  0.311530  0.437316   \n",
       "PEP    0.266969  0.109068  0.364465  0.341320  0.311530  1.000000  0.355598   \n",
       "CSCO   0.457510  0.220369  0.397519  0.491933  0.437316  0.355598  1.000000   \n",
       "AVGO   0.418690  0.235165  0.326118  0.458859  0.379320  0.233980  0.395788   \n",
       "QCOM   0.304049  0.164941  0.351056  0.431061  0.361502  0.260328  0.374635   \n",
       "TMUS   0.350859  0.160774  0.312936  0.264265  0.309482  0.228062  0.296367   \n",
       "COST   0.295844  0.175599  0.419497  0.345550  0.356128  0.420728  0.341528   \n",
       "TXN    0.473506  0.275724  0.427500  0.645151  0.488110  0.323582  0.511967   \n",
       "AMGN   0.328294  0.184224  0.386829  0.371054  0.374481  0.343538  0.330452   \n",
       "\n",
       "           AVGO      QCOM      TMUS      COST       TXN      AMGN  \n",
       "AAPL   0.444102  0.389323  0.238014  0.310235  0.468896  0.304071  \n",
       "MSFT   0.402498  0.409202  0.290117  0.400139  0.534786  0.375820  \n",
       "AMZN   0.356401  0.310993  0.240119  0.330685  0.423645  0.320223  \n",
       "GOOG   0.370624  0.365235  0.288244  0.344506  0.457028  0.374116  \n",
       "TSLA   0.283868  0.224190  0.180108  0.182290  0.287030  0.193704  \n",
       "FB     0.278387  0.161736  0.144549  0.166313  0.285847  0.251570  \n",
       "NVDA   0.429394  0.398072  0.247365  0.278477  0.569483  0.282001  \n",
       "PYPL   0.418690  0.304049  0.350859  0.295844  0.473506  0.328294  \n",
       "NFLX   0.235165  0.164941  0.160774  0.175599  0.275724  0.184224  \n",
       "CMCSA  0.326118  0.351056  0.312936  0.419497  0.427500  0.386829  \n",
       "INTC   0.458859  0.431061  0.264265  0.345550  0.645151  0.371054  \n",
       "ADBE   0.379320  0.361502  0.309482  0.356128  0.488110  0.374481  \n",
       "PEP    0.233980  0.260328  0.228062  0.420728  0.323582  0.343538  \n",
       "CSCO   0.395788  0.374635  0.296367  0.341528  0.511967  0.330452  \n",
       "AVGO   1.000000  0.427367  0.270026  0.276294  0.584104  0.322803  \n",
       "QCOM   0.427367  1.000000  0.246656  0.298791  0.490053  0.303299  \n",
       "TMUS   0.270026  0.246656  1.000000  0.219830  0.309975  0.241314  \n",
       "COST   0.276294  0.298791  0.219830  1.000000  0.375142  0.334691  \n",
       "TXN    0.584104  0.490053  0.309975  0.375142  1.000000  0.406571  \n",
       "AMGN   0.322803  0.303299  0.241314  0.334691  0.406571  1.000000  "
      ]
     },
     "execution_count": 34,
     "metadata": {},
     "output_type": "execute_result"
    }
   ],
   "source": [
    "corr_matrix = data_returns.corr(method='pearson')\n",
    "corr_matrix"
   ]
  },
  {
   "cell_type": "code",
   "execution_count": null,
   "id": "2a3f318b",
   "metadata": {},
   "outputs": [],
   "source": [
    "#Sorting and find 5 most uncorrelated stocks"
   ]
  },
  {
   "cell_type": "code",
   "execution_count": 49,
   "id": "771369ec",
   "metadata": {},
   "outputs": [
    {
     "data": {
      "text/html": [
       "<div>\n",
       "<style scoped>\n",
       "    .dataframe tbody tr th:only-of-type {\n",
       "        vertical-align: middle;\n",
